% Good short channels for controls - MI

GoodSC{1} = [8 29 52 66 75 112 125];
GoodSC{9} =  [8 52 66 75 112 125];
GoodSC{10} = [8 29 52 75 92 112];
GoodSC{12} = [8 29 52 66 75 92 112 125];
GoodSC{15} = [8 52 66 75 112 125];
GoodSC{17} = [8 29 52 66 75 92 112 125];
GoodSC{18} = [8 52 66 75 112 125];
GoodSC{20} = [8 52 66 75 112 125]; % chan 66 is likely bad based on y axis values (Jan 03, 2023. didn't run group analysis yet without chan 66
GoodSC{21} = [52 66 75 112]; 
GoodSC{22} = [8 29 52 66 75 92 112]; 
GoodSC{24} = [8 29 52 75 92 112 125];
GoodSC{26} = [8 52 75 92]; 
GoodSC{27} = [8 29 52 66 75 92 112 125];
GoodSC{28} = [8 29 52 66 75 92 112 125];
GoodSC{29} = [8 52 75];
GoodSC{30} = [8 29 66 75 92 112];
GoodSC{31} = [8 29 52 75 112];
GoodSC{33} = [8 52 66 75 125];
GoodSC{34} = [8 29 66 75];
GoodSC{35} = [8 29 52 75 92 112];
%SSlist_good{36} = []; % all SCs are bad. Will exclude from analysis
GoodSC{37} = [8 29 52 75 92];
GoodSC{38} = [8 29 52 75 92 125];
GoodSC{39} = [8 29 52 66 75 92 112 125];
GoodSC{40} = [8];