% List of good Short-channels per volunteer
SSlist_good{1} = 75;
SSlist_good{9} = 75;
SSlist_good{10} = [8 29 75 92];
SSlist_good{11} = [8 29 52 66 75 92 112 125];
SSlist_good{12} = [52 75 92 112 125];
SSlist_good{13} = [8 75];
SSlist_good{14} = 75;
SSlist_good{15} = [8 29 52 75 112];
SSlist_good{16} = [8 29 66 75 92];
SSlist_good{17} = [8 75 92];
SSlist_good{21} = [52 66 75 112];
SSlist_good{24} = [8 29 52 75 92 112 125];
SSlist_good{27} = [8 29 52 75 92 112 125];
SSlist_good{28} = [8 52 66 75 92 112 125];
SSlist_good{29} = [8 75];
SSlist_good{30} = [8 29 52 66 75 92 112];
SSlist_good{31} = [8 29 52 75 112];
SSlist_good{33} = [8 52 75 125];
SSlist_good{35} = [8 29 52 75 92 112];
SSlist_good{37} = [8 29 52 75 92];
SSlist_good{38} = [8 29 52 75 92 125];
SSlist_good{39} = [8 29 52 66 75 92 112 125];
SSlist_good{40} = [8];
SSlist_good{41} = [29 52];


















